00000016.jpg 1179 495 1842 1741 3044 4760 2388 377 2096 1530
00000028.jpg 4443 585 4492 4686 1562 2526 1414 1044 4842 354
00000004.jpg 2847 1287 3369 82 4607 4602 2461 207 1890 1018
00000029.jpg 1028 1333 4632 276 5960 3890 1551 3489 5010 4371
00000032.jpg 1454 3160 1420 4125 1029 1651 4595 466 3881 5089
00000020.jpg 725 1362 3649 1047 3992 759 3292 4421 4862 3520
00000024.jpg 2590 1516 2583 1275 2503 3031 2940 569 5758 2172
00000017.jpg 963 624 5070 4148 3372 5754 550 4628 3946 4764
00000044.jpg 1934 3829 3434 1301 2954 68 3703 5276 5702 2287
00000012.jpg 5127 3686 1416 1065 5645 2265 1007 1824 863 820
00000048.jpg 5754 1966 5366 509 1756 1005 569 5493 2952 3919
00000008.jpg 5546 5429 5610 5207 3951 2023 5162 5943 2457 4274
00000040.jpg 3112 1256 4533 3343 1446 2880 627 1222 5019 1506
00000000.jpg 952 4958 480 3229 3449 5174 745 4675 5799 3823
00000030.jpg 121 964 2935 4326 3651 2614 4276 4855 5831 1572
00000036.jpg 4400 4821 949 1690 4719 5947 5550 4550 4033 400
00000021.jpg 2262 5104 979 3888 3451 3609 4774 5535 2871 183
00000018.jpg 5730 2330 1076 5896 3606 2869 803 3889 3766 1271
00000052.jpg 2176 5750 3108 3202 3246 1632 2039 818 5653 2390
00000005.jpg 4159 982 10 5078 246 1426 4625 288 2269 1641
00000056.jpg 557 3834 4504 4850 1072 597 1793 5977 701 510
00000013.jpg 962 4757 2808 5083 3000 1950 4027 2015 310 1094
00000033.jpg 3091 2402 4349 5110 77 3293 3446 1934 3689 2718
00000049.jpg 1165 3639 4872 3422 653 5907 3889 4376 959 377
00000057.jpg 4858 76 1555 3877 3312 2246 4761 4030 1193 5097
00000014.jpg 3038 2508 1351 3378 1010 2724 5000 1238 134 4674
00000031.jpg 3898 3579 5615 583 1226 570 5496 3519 4885 685
00000001.jpg 2106 2237 298 461 3482 5058 2346 5565 4364 425
00000041.jpg 5030 2445 345 976 3320 383 994 4385 1368 1300
00000006.jpg 739 2257 3869 3771 4633 834 2415 2609 4838 3321
00000037.jpg 3190 4558 507 382 2505 1665 955 1755 4175 252
00000053.jpg 1290 4806 3316 2465 708 3229 954 835 2608 527
00000045.jpg 3392 939 1713 3367 5439 5150 5153 255 271 2373
00000019.jpg 4292 4569 3143 4540 1206 2881 1456 4574 5932 2299
00000009.jpg 160 121 4567 4233 4755 3626 3715 487 5500 619
00000025.jpg 2473 4013 2283 188 5146 909 173 3557 3951 1292
00000022.jpg 4566 4740 5529 3283 1366 3049 829 4067 5631 5640
00000015.jpg 5694 4214 2629 5604 1155 1043 3698 995 2352 5231
00000034.jpg 5889 4674 4178 2644 4193 771 2789 36 3354 3407
00000007.jpg 1931 4344 392 1919 2993 5031 524 5027 4524 5778
00000026.jpg 4094 424 4527 134 410 3782 5575 370 5059 2953
00000058.jpg 5543 4398 4492 1077 4772 5528 4344 2645 2625 2334
00000054.jpg 465 2937 4462 1561 3388 4089 3391 497 2157 4454
00000046.jpg 983 5818 1692 5800 303 5366 1966 3012 4598 2662
00000064.jpg 2888 2985 4185 4686 222 4738 1151 5864 2817 4761
00000038.jpg 514 229 1058 1777 5657 3817 15 1891 4805 245
00000050.jpg 2269 2016 4170 1159 4011 5467 3566 5290 3497 2311
00000002.jpg 4065 1868 5494 2913 4905 4306 4790 473 4603 347
00000023.jpg 2993 791 587 878 4446 5664 5666 5778 2221 5523
00000042.jpg 4590 2126 3036 5971 5779 3077 5927 347 1872 820
00000035.jpg 4839 2702 1209 2742 2076 3999 1176 2714 3524 4502
00000060.jpg 5679 3533 137 5651 3333 2681 5844 4404 3922 3754
00000055.jpg 2352 4006 1162 4873 861 2278 4213 495 1343 2186
00000051.jpg 5519 104 1483 4414 2907 2330 1825 3622 4923 5868
00000065.jpg 1870 1501 3461 1503 2951 4169 1044 5893 1435 5458
00000010.jpg 2938 2609 4398 3990 226 2473 2784 707 2395 4114
00000059.jpg 4820 3977 4645 2933 5186 3824 2164 4853 4428 4487
00000011.jpg 5378 607 5954 5133 4164 5875 2426 5591 565 2284
00000027.jpg 2790 2349 575 3050 4594 683 505 2677 3110 3790
00000039.jpg 5868 3346 1008 2868 4691 5855 5118 4631 4685 1773
00000003.jpg 3897 1005 719 4346 988 1464 5766 4765 4411 926
00000080.jpg 101 5838 4688 1749 4588 2055 5312 5463 4129 5031
00000068.jpg 4327 4515 5025 1000 4045 3143 1092 4610 570 1091
00000072.jpg 2837 2597 3157 2723 5515 2581 2720 3319 1116 4183
00000088.jpg 3500 128 2625 3960 1084 5335 5301 5877 3843 5073
00000084.jpg 1231 1029 3373 5028 1791 1277 4807 4587 5604 2944
00000061.jpg 5972 3533 169 5166 4290 644 4666 3544 4479 151
00000066.jpg 2937 5723 1021 3675 4629 4894 5864 1388 4568 4860
00000047.jpg 414 3834 2543 3654 2777 4508 2536 5803 5481 3491
00000043.jpg 2225 4580 1531 4386 2817 3354 2396 5497 1994 3869
00000076.jpg 7 5766 5397 505 323 3651 4454 2105 5921 3674
00000081.jpg 1130 862 2465 3143 2687 3635 5573 3214 5461 4993
00000073.jpg 4570 5688 3924 593 1088 2019 2920 3637 2298 1376
00000067.jpg 5221 782 2685 1852 4850 5660 1852 1097 392 534
00000100.jpg 4422 153 1670 2064 2136 2095 3352 5096 4900 5609
00000082.jpg 3357 1374 643 2403 3560 2474 287 969 3707 5662
00000101.jpg 949 2869 1630 4514 5962 3797 756 5616 1253 3965
00000062.jpg 1110 846 482 560 3674 16 2285 5469 2140 3700
00000116.jpg 3586 1397 1499 2349 161 4760 677 5657 3159 2073
00000089.jpg 4548 5346 3286 5960 1546 3289 4139 1446 1597 3162
00000069.jpg 1539 339 1148 76 1469 5389 3228 542 4088 370
00000083.jpg 4617 3300 4010 1323 5789 5666 5840 366 1710 1856
00000104.jpg 4202 4651 2326 2058 176 5903 4316 4157 456 2243
00000096.jpg 1868 5636 1697 1442 5204 2729 4902 1542 5161 5741
00000085.jpg 2141 3410 5507 5389 4996 1290 847 3772 5898 387
00000077.jpg 4740 2737 688 1333 5322 561 5379 4399 4663 32
00000074.jpg 5677 4323 1885 5420 3401 4893 2285 3643 4785 3921
00000070.jpg 1346 4993 443 2326 78 2532 988 5471 3367 288
00000090.jpg 3539 4132 456 2939 5013 5131 623 4450 4629 2084
00000108.jpg 3567 1079 813 1340 5148 1886 5636 1332 2649 2370
00000086.jpg 580 338 5168 1707 4036 5940 2591 2302 4003 5527
00000071.jpg 1583 4018 2722 3852 682 1976 2160 387 3376 918
00000102.jpg 994 3386 399 4186 3998 5344 1337 1704 5794 2137
00000117.jpg 1762 5038 601 4153 4085 4497 4202 63 1681 3975
00000092.jpg 2709 2191 2304 3716 2337 372 1975 1148 2366 11
00000075.jpg 3394 568 2700 305 3581 667 4886 1289 4483 49
00000091.jpg 416 4774 5125 5733 3713 1748 5927 4849 2168 3017
00000063.jpg 1089 1034 2111 4054 4487 3649 2159 5730 5728 3273
00000105.jpg 1732 4629 2137 2508 3142 5088 5046 2280 2007 292
00000112.jpg 3482 5520 804 3077 1375 3158 2280 2094 3293 3145
00000097.jpg 1241 3632 5874 4998 5754 3745 3245 685 458 4435
00000109.jpg 5475 2444 4147 1776 3188 578 2736 4634 1930 3836
00000087.jpg 445 4847 4319 1325 4338 2262 3210 507 4378 327
00000078.jpg 13 3800 793 3166 5206 3676 896 4633 2459 1897
00000118.jpg 801 4270 3546 217 1995 1647 1539 5925 1726 3240
00000093.jpg 5232 909 321 3978 4826 512 3142 73 1684 554
00000103.jpg 945 2671 5363 3438 4410 1431 1057 1780 5218 901
00000106.jpg 3747 2738 2398 5094 2374 421 1599 4780 3293 1911
00000110.jpg 1281 5140 2867 5627 3954 5609 1582 100 1776 5326
00000079.jpg 4759 570 2810 1096 4340 2793 5156 1065 1466 5776
00000113.jpg 4187 4790 235 5611 3028 1749 3560 1135 1875 572
00000119.jpg 4660 4127 1816 5668 3807 1338 848 2764 5280 2636
00000098.jpg 844 1245 1947 2719 438 5727 5117 1884 37 2220
00000124.jpg 382 488 5888 1609 5659 5193 5526 69 3091 4665
00000111.jpg 4047 44 374 1874 343 5851 3497 1505 1842 5200
00000120.jpg 3488 4799 2501 170 3878 5167 403 1335 391 441
00000107.jpg 5859 4471 3957 2975 407 4164 4793 5703 4247 1442
00000125.jpg 894 5680 1179 109 4446 3803 3413 4647 4528 4271
00000136.jpg 1076 4655 1973 2561 1285 2334 5184 5680 3438 5025
00000094.jpg 1585 5327 3521 3058 1057 3480 5325 1230 2113 3952
00000114.jpg 1947 4616 1691 911 3565 3564 2292 4992 3869 2792
00000099.jpg 2698 4419 1302 5300 894 2087 3504 1513 4928 4931
00000140.jpg 1698 16 2984 407 5852 4468 1943 823 3158 1003
00000128.jpg 1327 265 56 2492 4633 1823 2185 1910 1010 2741
00000148.jpg 3563 5901 4951 4509 871 5227 4160 4187 969 1900
00000156.jpg 2381 873 440 1685 329 1360 5865 2811 5559 1545
00000132.jpg 5153 4612 344 2850 1995 2605 289 2693 3395 3472
00000121.jpg 4476 3829 4424 1333 3996 106 349 5123 2334 3570
00000144.jpg 3052 3963 4328 1402 2520 1803 2081 2984 2141 212
00000152.jpg 1037 1750 4471 4806 3015 2665 1266 5779 598 1635
00000095.jpg 2605 5646 5177 1198 4891 630 2706 3092 1114 5482
00000164.jpg 3304 76 3191 2909 4104 5049 656 1842 2538 1598
00000126.jpg 434 3792 3191 5869 2494 150 4481 3442 2492 791
00000137.jpg 893 3198 5060 1823 4261 3335 197 1166 1289 3034
00000115.jpg 68 2737 1992 5594 3708 19 1044 2132 1820 1397
00000157.jpg 4775 2034 319 3847 708 3902 2661 2771 3445 5240
00000129.jpg 1089 3407 1348 404 5497 2408 4102 786 2615 4012
00000165.jpg 95 82 4430 695 4183 442 2438 3542 4553 5979
00000153.jpg 107 3770 5620 4239 4451 2168 5859 2760 2161 1006
00000168.jpg 5277 3965 4750 87 2411 915 2278 3949 529 3812
00000149.jpg 1322 3808 5174 3900 5980 4193 3263 5430 914 5440
00000160.jpg 5506 1834 4139 5341 3135 3921 1186 862 1190 4710
00000130.jpg 176 3022 994 3526 3354 5695 2534 4640 4980 5184
00000133.jpg 2508 4932 5756 2595 3997 3759 1485 1272 1995 422
00000145.jpg 4102 1131 1503 240 4978 1715 3411 5419 2320 5495
00000122.jpg 1939 4396 2017 5252 5235 2399 633 413 788 2031
00000127.jpg 3290 4045 1639 2395 779 1783 5896 5762 755 4450
00000123.jpg 4465 4134 506 2885 979 5298 2659 5823 1049 1042
00000158.jpg 314 3011 2326 3151 4059 1326 3038 165 2690 1499
00000146.jpg 3455 442 5463 3829 5808 2465 5808 1574 4672 2913
00000147.jpg 477 3611 3862 2163 4683 4764 3408 4886 2957 3737
00000172.jpg 2360 1150 5849 107 1772 1456 1081 4726 4762 3513
00000141.jpg 2927 2988 5454 3437 5439 945 5016 4728 2621 3395
00000134.jpg 3855 1136 1416 1470 1859 1295 4968 1861 3518 4505
00000166.jpg 2386 2451 1619 4292 5528 5695 1960 3980 4816 539
00000159.jpg 2311 2852 5722 5765 4821 1589 100 5522 4851 983
00000161.jpg 1719 1928 626 5185 1048 4744 897 5453 3118 3614
00000142.jpg 4546 5967 3122 5923 4189 1562 2621 4552 3842 1242
00000154.jpg 2634 5193 1426 4559 1336 3168 628 441 1613 2062
00000169.jpg 3299 4649 5156 4736 3265 461 5971 4515 1816 768
00000138.jpg 1315 903 2467 1196 3325 5316 5820 412 3673 1242
00000131.jpg 4857 5508 144 1607 4867 1293 1891 4052 1215 1358
00000150.jpg 452 4304 622 4406 5043 2941 775 21 3614 2317
00000173.jpg 4839 2801 3262 3978 5030 2725 5120 4516 803 3704
00000170.jpg 147 2926 5825 27 3325 5015 871 5390 2111 660
00000135.jpg 3363 681 4988 5049 4663 2822 88 2837 231 3183
00000143.jpg 1860 3078 2950 3760 3615 2487 5168 265 4535 4590
00000176.jpg 1305 2247 549 297 3810 493 3895 2449 5054 4756
00000155.jpg 3855 3424 1626 913 3828 704 2297 855 4185 3251
00000151.jpg 2030 1280 677 5549 4969 3111 3427 2177 287 372
00000139.jpg 3421 2084 88 4449 2946 1229 4648 2717 675 5476
00000180.jpg 321 4274 4606 4941 228 2793 5737 409 1452 5676
00000167.jpg 5769 377 1615 841 2206 1695 516 4343 2926 3618
00000174.jpg 1384 3211 3539 4549 360 2605 4716 1576 4380 5367
00000171.jpg 3036 1935 1692 5112 1459 5305 4575 979 2344 1068
00000162.jpg 4150 2456 3283 3256 846 2277 4898 3621 663 104
00000177.jpg 1490 733 4796 2579 899 2119 4724 236 956 5448
00000175.jpg 318 2212 4277 3289 1712 1136 1849 1620 4347 5897
00000188.jpg 5638 3980 1406 870 236 135 1236 90 3902 5840
00000163.jpg 5731 3631 3930 2769 4105 1078 689 1927 4540 5250
00000184.jpg 5625 4104 1764 2414 2385 1711 4786 3619 3037 5502
00000196.jpg 2184 924 4749 3869 5968 2841 4010 252 675 4390
00000192.jpg 3359 1111 4498 2640 2538 2060 4956 4969 3995 800
00000178.jpg 4632 503 3443 795 2850 5657 5151 559 3156 5623
00000181.jpg 2298 2220 222 3794 3202 1879 3299 4537 2566 2836
00000189.jpg 2365 4145 1155 4619 5493 3513 255 1491 2429 775
00000197.jpg 642 1791 3642 2062 4002 2516 1440 1562 4467 3416
00000179.jpg 900 3994 2217 26 2999 2468 4499 3153 2398 3647
00000182.jpg 2197 1570 2213 1257 7 1495 4589 3684 5861 3400
00000193.jpg 1797 4984 1797 4311 3233 3099 4578 3751 713 2497
00000185.jpg 3249 4427 109 3144 2379 700 2195 2069 645 1586
00000183.jpg 4179 887 1668 910 1212 4400 1605 3422 5080 878
00000190.jpg 2440 1083 5727 1484 563 2685 969 4375 1322 3796
00000198.jpg 1195 4746 3676 1701 4120 1470 3771 2827 3762 3888
00000194.jpg 761 3327 2011 4124 5017 5970 1405 5850 3084 5716
00000195.jpg 1542 634 891 4014 3041 4475 1748 2079 4226 5829
00000191.jpg 5571 5577 3114 1111 2173 68 1464 2637 4519 3426
00000199.jpg 3993 1415 3947 2546 5716 1331 5840 4682 3051 327
00000186.jpg 442 2272 5121 3215 5447 5753 2876 5862 3570 1260
00000187.jpg 3789 4216 4455 125 101 1447 4399 3879 4662 376
